Taverne cave = new int[][] {
{ 68,121,122,123, 17, 18, 18, 18, 18, 18,162,163, 18, 18, 18, 18, 18, 18, 19, 69},
{ 68,129,130,131, 25, 26,109,110, 26, 26, 26, 26, 62, 63, 26, 26, 26, 26, 27, 69},
{ 68,137,138,139,  1,  1,117,118,  1,  1,  1,  1, 70, 71,  1,  1,  1,  1,  1, 69},
{ 68,  1,  1,  1,  1,  1,  1,  1,  1,  1,  1,  1,  1,  1,  1,  1,  1,174,174, 69},
{ 68,  1,  1,  1,  1,  1,  1,  1,  1,  1,  1,  1,  1,  1,  1,  1,  1,182,182, 69},
{ 68,  1,  1,  1,  1,  1,  1,  1,  1,  1,  1,  1,  1,  1,  1,  1,  1,  1,  1, 69},
{ 68,  1,  1,  1,  1,  1,  1,  1,  1,  1,  1,  1,  1,  1,  1,  1,  1,  1,  1, 69},
{ 68,  1,  1,  1, 36, 37, 37, 37, 37, 37, 37, 38,  1,  1,  1,  1,  1,  1,  1, 69},
{ 68,  1,  1,  1, 44, 45, 33, 34,168, 45, 45, 46,  1,  1, 93, 94,  1,  1,  1, 69},
{ 68,  1,  1,  1, 44, 45,167, 42, 43, 45, 45, 46,  1,  1,101,102,  1,  1,  1, 69},
{ 68,  1,  1,  1, 44, 45, 41,168, 43, 45, 45, 46,  1,  1,  1,  1,  1,  1,  1, 69},
{ 68,  1,  1,  1, 44, 45, 49, 50, 51, 45, 45, 46,  1,  1,  1,  1,  1,  1,  1, 69},
{ 68,  1,  1,  1, 52, 53, 53, 53, 53, 53, 53, 54,  1,  1,  1,  1,  1,  1,  1, 69},
{ 68,  1,  1,  1,  1,  1,  1,  1,  1,  1,  1,  1,  1,  1,  1,  1,  1,  1,  1, 69},
{ 68,  1,  1,  1,  1,  1,  1,  1,  1,  1,  1,  1,  1,  1,  1,  1,  1,  1,  1, 69}
};

Taverne sous-sol. 